25 qubits
a = 2.960458926526053
b = 0.48405962952435344
c = 0.18724041614567563
26 qubits
a = 7.312834467578419
b = 0.5150986131377515
c = 0.3844655224892277
27 qubits
a = 13.248136430371797
b = 0.49740484029261534
c = 0.8142148907524738
